name,action probability,planned,used planner,used plan lib,time planning,time checking plan lib,total time,plan lib size
problem_office_12.pddl,0.7,51,41,10,72.68483519554137,0.2537879943847656,72.93862318992616,42
problem_office_12.pddl,0.7,49,38,11,57.75352191925049,0.6118123531341553,58.365334272384644,80
problem_office_12.pddl,0.7,41,27,14,35.90000009536743,0.6385753154754639,36.5385754108429,107
problem_office_12.pddl,0.7,31,22,9,24.023281574249268,0.5971260070800781,24.620407581329346,129
problem_office_12.pddl,0.7,25,11,14,7.0408008098602295,0.4640319347381592,7.504832744598389,140
problem_office_12.pddl,0.7,52,31,21,38.71556639671326,1.2209861278533936,39.93655252456665,171
problem_office_12.pddl,0.7,30,16,14,11.254473209381104,0.6843221187591553,11.938795328140259,187
problem_office_12.pddl,0.7,33,15,18,22.54469633102417,0.8583955764770508,23.40309190750122,202
problem_office_12.pddl,0.7,38,17,21,26.83958625793457,0.9263520240783693,27.76593828201294,219
problem_office_12.pddl,0.7,50,23,27,15.673723697662355,1.3032677173614502,16.976991415023804,242
problem_office_12.pddl,0.7,31,14,17,9.307374954223633,0.9606094360351562,10.267984390258787,256
problem_office_12.pddl,0.7,41,14,27,7.974097013473513,1.2204737663269043,9.194570779800417,270
problem_office_12.pddl,0.7,37,21,16,31.34094047546387,1.180152416229248,32.521092891693115,291
problem_office_12.pddl,0.7,27,12,15,13.601155757904053,0.8515644073486328,14.452720165252686,303
problem_office_12.pddl,0.7,33,15,18,11.710573434829712,1.2013795375823977,12.91195297241211,318
problem_office_12.pddl,0.7,35,8,27,5.689359188079834,1.0382561683654783,6.7276153564453125,326
problem_office_12.pddl,0.7,46,21,25,13.243951082229614,1.693066120147705,14.93701720237732,347
problem_office_12.pddl,0.7,38,13,25,12.91215443611145,1.4417929649353027,14.353947401046753,360
problem_office_12.pddl,0.7,25,5,20,1.1263129711151123,0.8722898960113525,1.9986028671264648,365
problem_office_12.pddl,0.7,40,13,27,11.89363145828247,1.5320706367492676,13.425702095031738,378
problem_office_12.pddl,0.7,30,13,17,5.953356981277466,1.4301867485046391,7.383543729782104,391
problem_office_12.pddl,0.7,23,5,18,1.4817783832550049,0.7378132343292236,2.2195916175842285,396
problem_office_12.pddl,0.7,37,13,24,4.785405158996582,1.520378351211548,6.30578351020813,409
problem_office_12.pddl,0.7,26,12,14,6.460054397583008,1.3576347827911377,7.8176891803741455,421
problem_office_12.pddl,0.7,26,3,23,0.9664840698242188,0.910019874572754,1.8765039443969729,424
problem_office_12.pddl,0.7,44,11,33,7.274071455001831,1.645287275314331,8.919358730316162,435
problem_office_12.pddl,0.7,41,7,34,6.934846878051758,1.765146017074585,8.699992895126343,442
problem_office_12.pddl,0.7,42,7,35,1.394805908203125,1.804887056350708,3.199692964553833,449
problem_office_12.pddl,0.7,35,16,19,13.974212169647215,1.7640981674194336,15.73831033706665,465
problem_office_12.pddl,0.7,24,5,19,1.5808219909667969,1.261864423751831,2.842686414718628,470
problem_office_12.pddl,0.7,30,14,16,8.460131168365479,1.667726993560791,10.12785816192627,484
problem_office_12.pddl,0.7,37,10,27,4.142814874649049,1.7850565910339355,5.9278714656829825,494
problem_office_12.pddl,0.7,45,21,24,10.191104650497435,2.5746681690216064,12.765772819519045,515
problem_office_12.pddl,0.7,27,14,13,11.476686000823975,1.6924550533294678,13.169141054153442,529
problem_office_12.pddl,0.7,54,26,28,47.21225523948669,2.9800996780395512,50.19235491752625,555
problem_office_12.pddl,0.7,24,10,14,14.181826829910278,1.4440624713897705,15.625889301300047,551
problem_office_12.pddl,0.6,64,46,18,86.08516907691956,0.3040463924407959,86.38921546936035,47
problem_office_12.pddl,0.6,83,43,40,66.12292170524597,0.9200732707977296,67.0429949760437,90
problem_office_12.pddl,0.6,74,40,34,53.6261465549469,1.2919621467590332,54.91810870170593,130
problem_office_12.pddl,0.6,45,24,21,37.498021602630615,0.8105390071868896,38.30856060981751,154
problem_office_12.pddl,0.6,44,13,31,27.257991552352905,0.6271536350250244,27.88514518737793,167
problem_office_12.pddl,0.6,59,24,35,29.69889259338379,1.2156078815460205,30.91450047492981,191
problem_office_12.pddl,0.6,75,32,43,48.93191361427307,2.0565223693847656,50.988435983657844,223
problem_office_12.pddl,0.6,52,22,30,17.712372541427612,1.5098419189453125,19.222214460372925,245
problem_office_12.pddl,0.6,65,22,43,15.708002805709839,1.9151639938354488,17.623166799545288,267
problem_office_12.pddl,0.6,58,13,45,8.16814398765564,1.3147568702697754,9.482900857925417,280
problem_office_12.pddl,0.6,78,33,45,14.43461012840271,3.174644947052002,17.609255075454712,313
problem_office_12.pddl,0.6,43,13,30,6.418986558914185,1.2614898681640625,7.680476427078247,326
problem_office_12.pddl,0.6,61,27,34,25.49765968322754,2.203298091888428,27.700957775115967,353
problem_office_12.pddl,0.6,70,35,35,21.456677913665768,3.384479522705078,24.84115743637085,388
problem_office_12.pddl,0.6,57,26,31,14.802210569381714,2.9548614025115967,17.757071971893307,414
problem_office_12.pddl,0.6,50,22,28,13.976535081863403,2.2982773780822754,16.27481245994568,436
problem_office_12.pddl,0.6,51,25,26,29.71186923980713,2.629495143890381,32.34136438369751,461
problem_office_12.pddl,0.6,55,15,40,5.6863858699798575,2.7859585285186768,8.472344398498535,476
problem_office_12.pddl,0.6,84,24,60,13.504454135894775,4.149097442626953,17.653551578521732,500
problem_office_12.pddl,0.8,20,16,4,31.222760677337646,0.039431095123291016,31.262191772460927,17
problem_office_12.pddl,0.8,12,10,2,14.601728200912476,0.054616689682006836,14.656344890594482,27
problem_office_12.pddl,0.8,17,11,6,19.249578714370728,0.10415172576904297,19.35373044013977,38
problem_office_12.pddl,0.8,27,16,11,12.723758697509766,0.21994757652282715,12.943706274032593,54
problem_office_12.pddl,0.8,18,7,11,6.355954170227051,0.1416933536529541,6.497647523880005,61
problem_office_12.pddl,0.8,34,19,15,25.81761360168457,0.346804141998291,26.16441774368286,80
problem_office_12.pddl,0.8,15,12,3,8.692626953125,0.2374682426452637,8.930095195770264,92
problem_office_12.pddl,0.8,22,12,10,10.19289565086365,0.318204402923584,10.511100053787233,104
problem_office_12.pddl,0.8,17,11,6,20.25434827804565,0.2509119510650635,20.505260229110718,115
problem_office_12.pddl,0.8,17,13,4,19.46844744682312,0.3476927280426025,19.816140174865726,128
problem_office_12.pddl,0.8,21,15,6,20.645034790039066,0.37485623359680176,21.019891023635864,143
problem_office_12.pddl,0.8,26,12,14,13.84552788734436,0.4878888130187988,14.33341670036316,155
problem_office_12.pddl,0.8,17,10,7,13.29075527191162,0.3894748687744141,13.680230140686035,165
problem_office_12.pddl,0.8,30,10,20,9.37009048461914,0.5648126602172852,9.934903144836426,175
problem_office_12.pddl,0.8,10,3,7,5.485260009765625,0.18235111236572266,5.667611122131348,178
problem_office_12.pddl,0.8,21,5,16,1.0374259948730469,0.3805279731750488,1.4179539680480957,183
problem_office_12.pddl,0.8,21,6,15,5.379369258880615,0.3952476978302002,5.774616956710815,189
problem_office_12.pddl,0.8,18,8,10,9.803539276123047,0.4153773784637451,10.218916654586794,197
problem_office_12.pddl,0.8,30,17,13,33.084430932998664,0.7318313121795654,33.816262245178216,214
problem_office_12.pddl,0.8,15,8,7,6.747651100158691,0.3740983009338379,7.121749401092527,222
problem_office_12.pddl,0.8,22,9,13,8.044654130935669,0.6856448650360107,8.73029899597168,231
problem_office_12.pddl,0.8,26,16,10,6.942439079284668,0.8027577400207521,7.74519681930542,247
problem_office_12.pddl,0.8,12,2,10,0.9513921737670898,0.2435283660888672,1.194920539855957,249
problem_office_12.pddl,0.8,10,2,8,0.4288499355316162,0.17664647102355954,0.6054964065551758,251
problem_office_12.pddl,0.8,20,6,14,4.429930925369263,0.5816359519958496,5.011566877365112,257
problem_office_12.pddl,0.8,34,9,25,5.306616306304932,0.9225471019744872,6.229163408279419,266
problem_office_12.pddl,0.8,26,12,14,11.3406822681427,0.6633703708648682,12.004052639007568,278
problem_office_12.pddl,0.8,24,7,17,1.4307360649108891,0.7887649536132812,2.21950101852417,285
problem_office_12.pddl,0.8,26,8,18,6.451043128967285,0.7558588981628418,7.206902027130128,293
problem_office_12.pddl,0.8,23,2,21,1.807927846908569,0.5800647735595703,2.38799262046814,295
problem_office_12.pddl,0.8,14,6,8,5.534794092178345,0.5004460811614989,6.035240173339844,301
problem_office_12.pddl,0.8,31,10,21,5.06006383895874,1.0896031856536863,6.149667024612428,311
problem_office_12.pddl,0.8,22,7,15,2.237421751022339,0.7071378231048584,2.9445595741271973,318
problem_office_12.pddl,0.8,10,1,9,0.1692049503326416,0.2474617958068848,0.4166667461395264,319
problem_office_12.pddl,0.8,20,10,10,5.598073244094849,0.9015717506408693,6.499644994735718,329
problem_office_12.pddl,0.8,27,15,12,17.278337955474857,1.3776824474334717,18.656020402908325,344
problem_office_12.pddl,0.8,18,6,12,1.5623791217803955,0.6105806827545166,2.1729598045349117,350
problem_office_12.pddl,0.9,6,6,0,10.935235023498537,0.005087375640869141,10.940322399139404,7
problem_office_12.pddl,0.9,4,3,1,5.474161148071289,0.005279064178466797,5.479440212249756,10
problem_office_12.pddl,0.9,15,13,2,20.68140244483948,0.05978703498840333,20.741189479827877,23
problem_office_12.pddl,0.9,16,12,4,23.0315363407135,0.09293341636657716,23.124469757080078,35
problem_office_12.pddl,0.9,9,4,5,8.270825147628784,0.045734643936157234,8.316559791564941,39
problem_office_12.pddl,0.9,8,4,4,3.6643161773681636,0.0542137622833252,3.718529939651489,43
problem_office_12.pddl,0.9,10,6,4,9.30937671661377,0.08840608596801758,9.397782802581787,49
problem_office_12.pddl,0.9,4,2,2,1.3375368118286133,0.03539776802062988,1.3729345798492432,51
problem_office_12.pddl,0.9,9,5,4,2.8938827514648438,0.09315729141235353,2.9870400428771973,56
problem_office_12.pddl,0.9,24,22,2,41.1877121925354,0.3085670471191406,41.49627923965454,78
problem_office_12.pddl,0.9,9,5,4,10.544434785842897,0.09618568420410156,10.640620470046995,83
problem_office_12.pddl,0.9,11,6,5,6.678478956222534,0.1301119327545166,6.808590888977051,89
problem_office_12.pddl,0.9,7,4,3,5.0905511379241934,0.09443140029907228,5.184982538223267,93
problem_office_12.pddl,0.9,11,8,3,19.9192762374878,0.15053820610046387,20.069814443588253,101
problem_office_12.pddl,0.9,5,2,3,4.683913946151733,0.07934904098510742,4.763262987136841,103
problem_office_12.pddl,0.9,7,2,5,4.462853193283081,0.06402897834777832,4.5268821716308585,105
problem_office_12.pddl,0.9,12,3,9,4.298321008682252,0.17489409446716309,4.473215103149414,108
problem_office_12.pddl,0.9,18,9,9,8.682892084121704,0.2899742126464844,8.972866296768187,117
problem_office_12.pddl,0.9,11,2,9,1.4417371749877932,0.16788911819458008,1.609626293182373,119
problem_office_12.pddl,0.9,6,3,3,1.151618242263794,0.12390685081481935,1.2755250930786133,122
problem_office_12.pddl,0.9,10,3,7,3.024064540863037,0.14450716972351074,3.1685717105865483,125
problem_office_12.pddl,0.9,13,3,10,0.5627055168151855,0.1849918365478516,0.7476973533630371,128
problem_office_12.pddl,0.9,15,3,12,1.81803297996521,0.20308995246887207,2.0211229324340816,131
problem_office_12.pddl,0.9,12,4,8,1.3549401760101318,0.2226710319519043,1.577611207962036,135
problem_office_12.pddl,0.9,6,3,3,0.9853870868682858,0.11747312545776367,1.1028602123260498,138
problem_office_12.pddl,0.9,11,4,7,1.3091471195220947,0.1961698532104492,1.505316972732544,142
problem_office_12.pddl,0.9,6,0,6,0.0,0.10712313652038574,0.10712313652038574,142
problem_office_12.pddl,0.9,9,2,7,0.4234261512756348,0.12216901779174805,0.5455951690673828,144
problem_office_12.pddl,0.9,8,5,3,4.12493896484375,0.1820640563964844,4.3070030212402335,149
problem_office_12.pddl,0.9,11,4,7,2.3440229892730717,0.17751407623291016,2.521537065505981,153
problem_office_12.pddl,0.9,6,1,5,0.13886308670043945,0.1294240951538086,0.26828718185424805,154
problem_office_12.pddl,0.9,8,2,6,1.0858759880065918,0.112410306930542,1.1982862949371338,156
problem_office_12.pddl,0.9,4,2,2,0.3537271022796631,0.11179995536804199,0.4655270576477051,158
problem_office_12.pddl,0.9,11,3,8,1.1093695163726809,0.21167731285095207,1.3210468292236328,161
problem_office_12.pddl,0.9,5,1,4,0.1515328884124756,0.06426572799682617,0.21579861640930176,162
problem_office_12.pddl,0.9,9,3,6,0.5564839839935303,0.1729590892791748,0.7294430732727051,165
problem_office_12.pddl,0.9,10,4,6,1.7724528312683103,0.21419405937194824,1.9866468906402588,169
problem_office_12.pddl,0.9,5,4,1,5.901474952697754,0.1373763084411621,6.038851261138916,173
problem_office_12.pddl,0.5,93,47,46,79.9358277320862,0.4768304824829102,80.41265821456909,48
problem_office_12.pddl,0.5,100,40,60,56.86514163017273,1.0155777931213381,57.88071942329407,88
problem_office_12.pddl,0.5,77,40,37,42.79008865356445,1.251988410949707,44.04207706451416,128
problem_office_12.pddl,0.5,86,24,62,24.0932834148407,1.6971027851104736,25.790386199951172,152
problem_office_12.pddl,0.5,92,39,53,23.806325435638428,2.2252776622772217,26.03160309791565,191
problem_office_12.pddl,0.5,85,24,61,15.037999391555786,1.7207608222961426,16.75876021385193,215
problem_office_12.pddl,0.5,93,33,60,41.49262619018555,2.370800495147705,43.86342668533325,248
problem_office_12.pddl,0.5,78,16,62,10.363655090332033,1.7580955028533936,12.121750593185425,243
problem_office_12.pddl,0.5,93,33,60,49.99480962753296,2.414971351623535,52.409780979156494,276
