name,action probability,planned,used planner,used plan lib,time planning,time checking plan lib,total time,plan lib size
problem_office_18.pddl,0.7,35,27,8,114.21938228607178,0.1247560977935791,114.34413838386536,28
problem_office_18.pddl,0.7,40,31,9,86.67267847061156,0.3691627979278565,87.04184126853943,59
problem_office_18.pddl,0.7,36,27,9,67.13844633102417,0.5628819465637207,67.70132827758789,86
problem_office_18.pddl,0.7,41,25,16,59.16638207435608,0.6406452655792236,59.807027339935296,111
problem_office_18.pddl,0.7,42,34,8,73.04762172698975,0.9425828456878662,73.99020457267761,145
problem_office_18.pddl,0.7,56,34,22,108.60797739028929,1.4115376472473145,110.01951503753662,179
problem_office_18.pddl,0.7,50,34,16,53.8439416885376,1.3791306018829346,55.22307229042053,213
problem_office_18.pddl,0.7,41,24,17,42.646454095840454,1.4012043476104736,44.04765844345093,237
problem_office_18.pddl,0.7,55,37,18,67.53782272338867,1.872673273086548,69.41049599647522,274
problem_office_18.pddl,0.7,35,23,12,26.68274617195129,1.3040480613708496,27.986794233322144,297
problem_office_18.pddl,0.7,49,27,22,103.21118283271791,1.888681411743164,105.09986424446106,324
problem_office_18.pddl,0.7,41,27,14,80.00830125808716,1.7810344696044922,81.78933572769166,351
problem_office_18.pddl,0.7,37,28,9,175.00724673271182,1.7513294219970703,176.75857615470886,379
problem_office_18.pddl,0.6,61,38,23,187.49947786331177,0.27373480796813965,187.7732126712799,39
problem_office_18.pddl,0.6,78,45,33,128.30669951438904,0.8151881694793701,129.1218876838684,84
problem_office_18.pddl,0.8,18,14,4,81.15324640274049,0.025252819061279297,81.17849922180177,15
problem_office_18.pddl,0.8,14,10,4,19.62120032310486,0.06872129440307617,19.689921617507935,25
problem_office_18.pddl,0.8,24,20,4,41.91203904151917,0.1791691780090332,42.09120821952821,45
problem_office_18.pddl,0.8,37,26,11,44.397865533828735,0.36899876594543457,44.76686429977417,71
problem_office_18.pddl,0.8,28,21,7,53.85587978363037,0.3737261295318604,54.229605913162224,92
problem_office_18.pddl,0.8,20,17,3,54.989776849746704,0.3267524242401123,55.316529273986816,109
problem_office_18.pddl,0.8,17,11,6,23.064798831939697,0.3025541305541992,23.367352962493896,120
problem_office_18.pddl,0.8,22,16,6,49.48656845092773,0.4375114440917969,49.92407989501953,136
problem_office_18.pddl,0.8,24,17,7,23.607420444488525,0.5248544216156006,24.13227486610413,153
problem_office_18.pddl,0.8,19,14,5,31.02753782272339,0.4888668060302734,31.516404628753662,167
problem_office_18.pddl,0.8,21,17,4,22.920017004013058,0.6486465930938721,23.56866359710693,184
problem_office_18.pddl,0.8,27,19,8,34.6359601020813,0.7769575119018555,35.412917613983154,203
problem_office_18.pddl,0.8,18,14,4,23.01701402664185,0.5686016082763672,23.585615634918213,217
problem_office_18.pddl,0.8,21,18,3,21.966204166412354,0.7277569770812988,22.69396114349365,235
problem_office_18.pddl,0.8,23,12,11,39.24750947952271,0.6531836986541748,39.90069317817689,247
problem_office_18.pddl,0.8,33,24,9,44.843872785568244,1.2192645072937012,46.06313729286194,271
problem_office_18.pddl,0.8,20,15,5,30.833302974700928,0.7424485683441162,31.575751543045047,286
problem_office_18.pddl,0.8,14,6,8,5.985135793685912,0.4995284080505371,6.48466420173645,292
problem_office_18.pddl,0.8,21,19,2,26.8559148311615,1.0466158390045166,27.902530670166016,311
problem_office_18.pddl,0.8,18,12,6,34.24649095535278,0.7828860282897949,35.02937698364258,323
problem_office_18.pddl,0.8,22,15,7,18.54099726676941,1.2835395336151123,19.824536800384518,338
problem_office_18.pddl,0.8,17,11,6,17.162997722625732,0.7819464206695557,17.944944143295288,349
problem_office_18.pddl,0.8,26,16,10,22.381537199020386,1.3172259330749512,23.698763132095337,365
problem_office_18.pddl,0.8,20,12,8,22.427690744400024,1.0653727054595947,23.49306344985962,377
problem_office_18.pddl,0.8,17,9,8,18.834275960922238,0.637854814529419,19.47213077545166,386
problem_office_18.pddl,0.8,27,16,11,19.888925790786747,1.554008960723877,21.44293475151062,402
problem_office_18.pddl,0.8,15,11,4,18.56192111968994,0.8351187705993652,19.39703989028931,413
problem_office_18.pddl,0.8,20,13,7,47.51674151420593,0.8570313453674316,48.37377285957336,426
problem_office_18.pddl,0.8,23,17,6,73.11448979377747,1.3123126029968262,74.4268023967743,443
problem_office_18.pddl,0.8,24,19,5,32.21857523918152,1.5285792350769043,33.74715447425842,462
problem_office_18.pddl,0.8,18,10,8,12.833494901657104,0.9403207302093506,13.773815631866455,472
problem_office_18.pddl,0.8,28,20,8,125.90505647659302,1.69075345993042,127.59580993652344,492
problem_office_18.pddl,0.8,20,17,3,45.23579978942871,1.2692110538482666,46.50501084327698,455
problem_office_18.pddl,0.9,11,10,1,33.9181866645813,0.015475034713745115,33.93366169929505,11
problem_office_18.pddl,0.9,10,7,3,28.69472289085388,0.02581071853637696,28.720533609390262,18
problem_office_18.pddl,0.9,10,6,4,18.960298776626587,0.03384113311767578,18.994139909744266,24
problem_office_18.pddl,0.9,12,11,1,77.03357315063477,0.06856989860534668,77.10214304924011,35
problem_office_18.pddl,0.9,7,6,1,44.44449591636658,0.05654597282409667,44.501041889190674,41
problem_office_18.pddl,0.9,12,8,4,9.547652006149294,0.11042118072509766,9.658073186874391,49
problem_office_18.pddl,0.9,11,7,4,19.854027271270766,0.09416723251342772,19.94819450378418,56
problem_office_18.pddl,0.9,9,7,2,5.2534539699554434,0.10327863693237303,5.3567326068878165,63
problem_office_18.pddl,0.9,12,10,2,17.61558508872986,0.1412816047668457,17.756866693496704,73
problem_office_18.pddl,0.9,9,8,1,8.061030864715576,0.14177966117858887,8.202810525894165,81
problem_office_18.pddl,0.9,16,11,5,24.029919862747192,0.25809645652771,24.288016319274906,92
problem_office_18.pddl,0.9,11,9,2,12.149580955505373,0.1987316608428955,12.348312616348267,101
problem_office_18.pddl,0.9,19,15,4,28.76262879371643,0.33112597465515137,29.093754768371586,116
problem_office_18.pddl,0.9,15,10,5,17.259370803833008,0.26113104820251465,17.520501852035522,126
problem_office_18.pddl,0.9,7,4,3,6.739337921142577,0.13665413856506348,6.8759920597076425,130
problem_office_18.pddl,0.9,8,6,2,24.192115068435672,0.1346278190612793,24.32674288749695,136
problem_office_18.pddl,0.9,8,6,2,2.89638614654541,0.1994161605834961,3.0958023071289062,142
problem_office_18.pddl,0.9,9,8,1,9.957525014877321,0.21796083450317386,10.175485849380491,150
problem_office_18.pddl,0.9,9,5,4,13.91615605354309,0.1802992820739746,14.096455335617065,155
problem_office_18.pddl,0.9,2,1,1,0.1955089569091797,0.04538106918334961,0.2408900260925293,156
problem_office_18.pddl,0.9,6,4,2,16.301084756851196,0.14516592025756836,16.446250677108765,160
problem_office_18.pddl,0.9,8,2,6,6.677513837814331,0.1547231674194336,6.832237005233765,162
problem_office_18.pddl,0.9,12,10,2,14.63467025756836,0.3542039394378662,14.988874197006226,172
problem_office_18.pddl,0.9,11,9,2,18.44082522392273,0.2914979457855225,18.73232316970825,181
problem_office_18.pddl,0.9,13,8,5,14.310338735580444,0.3268074989318848,14.637146234512329,189
problem_office_18.pddl,0.9,11,4,7,3.2716770172119136,0.2464280128479004,3.5181050300598145,193
problem_office_18.pddl,0.9,5,3,2,2.618889808654785,0.14758801460266113,2.7664778232574463,196
problem_office_18.pddl,0.9,9,6,3,6.664998292922974,0.25681066513061523,6.921808958053589,202
problem_office_18.pddl,0.9,13,8,5,15.474830389022827,0.3226778507232666,15.797508239746096,210
problem_office_18.pddl,0.9,15,12,3,43.947335720062256,0.4139144420623779,44.36125016212464,222
problem_office_18.pddl,0.9,10,7,3,23.245084047317505,0.3058691024780273,23.550953149795532,229
problem_office_18.pddl,0.9,11,5,6,2.252114772796631,0.3603863716125488,2.61250114440918,234
problem_office_18.pddl,0.9,8,5,3,8.046216011047362,0.25212669372558594,8.298342704772951,239
problem_office_18.pddl,0.5,75,43,32,115.49685263633728,0.3893969058990479,115.88624954223631,44
problem_office_18.pddl,0.5,87,48,39,103.97275996208192,0.9377849102020264,104.91054487228394,92
problem_office_18.pddl,0.5,74,34,40,71.25976371765137,1.0597765445709229,72.31954026222229,126
