name,action probability,planned,used planner,used plan lib,time planning,time checking plan lib,total time,plan lib size
problem_office_10.pddl,0.7,31,20,11,44.13531804084778,0.06145644187927246,44.19677448272705,21
problem_office_10.pddl,0.7,44,22,22,56.529852867126465,0.233506441116333,56.7633593082428,43
problem_office_10.pddl,0.7,29,17,12,29.899128675460812,0.2986700534820557,30.19779872894287,60
problem_office_10.pddl,0.7,38,22,16,50.69384074211121,0.4001729488372803,51.09401369094849,82
problem_office_10.pddl,0.7,54,36,18,70.157634973526,0.7784399986267091,70.9360749721527,118
problem_office_10.pddl,0.7,30,14,16,7.099804401397705,0.4845659732818604,7.584370374679565,132
problem_office_10.pddl,0.7,51,33,18,56.93351602554321,1.147164821624756,58.08068084716797,165
problem_office_10.pddl,0.7,45,28,17,34.2334201335907,1.2084105014801023,35.441830635070794,193
problem_office_10.pddl,0.7,47,36,11,53.3237783908844,1.6136093139648438,54.93738770484924,229
problem_office_10.pddl,0.7,41,28,13,41.33360099792481,1.4462745189666748,42.77987551689147,257
problem_office_10.pddl,0.7,44,22,22,20.18241763114929,1.5606987476348877,21.74311637878418,279
problem_office_10.pddl,0.7,37,20,17,27.99321532249451,1.4355638027191162,29.428779125213623,299
problem_office_10.pddl,0.7,37,18,19,11.27435541152954,1.3298218250274658,12.604177236557007,317
problem_office_10.pddl,0.7,34,15,19,12.24643588066101,1.219709396362305,13.466145277023315,332
problem_office_10.pddl,0.7,47,17,30,19.029715061187748,1.923643589019776,20.95335865020752,349
problem_office_10.pddl,0.7,27,9,18,7.79775595664978,1.11832857131958,8.916084527969359,358
problem_office_10.pddl,0.7,58,31,27,41.94704461097717,2.591966152191162,44.539010763168335,389
problem_office_10.pddl,0.7,38,20,18,31.10332489013672,1.9286754131317136,33.032000303268426,409
problem_office_10.pddl,0.7,34,17,17,15.076101779937744,1.7903921604156494,16.866493940353394,426
problem_office_10.pddl,0.7,55,20,35,26.92027473449707,2.79914927482605,29.71942400932312,446
problem_office_10.pddl,0.7,32,16,16,32.346291065216064,1.4619059562683103,33.80819702148437,462
problem_office_10.pddl,0.7,28,10,18,8.574193954467772,1.5961332321166992,10.170327186584473,472
problem_office_10.pddl,0.7,26,10,16,3.469711303710937,1.453735113143921,4.923446416854858,482
problem_office_10.pddl,0.6,42,20,22,41.36706495285034,0.0745384693145752,41.44160342216493,21
problem_office_10.pddl,0.6,59,31,28,34.22989511489868,0.3700685501098633,34.599963665008545,52
problem_office_10.pddl,0.6,55,31,24,67.89866876602173,0.583470344543457,68.48213911056519,83
problem_office_10.pddl,0.6,77,36,41,92.94918966293336,0.8851191997528076,93.83430886268616,119
problem_office_10.pddl,0.6,44,29,15,66.30433011054993,0.8210732936859131,67.12540340423584,148
problem_office_10.pddl,0.6,46,21,25,42.47171449661255,0.8693938255310059,43.34110832214356,169
problem_office_10.pddl,0.6,49,25,24,41.543963432312005,1.2078394889831543,42.75180292129517,194
problem_office_10.pddl,0.6,40,14,26,22.386732339859012,0.9171812534332277,23.303913593292236,208
problem_office_10.pddl,0.6,77,35,42,42.5796582698822,2.0513966083526607,44.63105487823486,243
problem_office_10.pddl,0.6,69,40,29,39.06461024284364,2.3732595443725586,41.43786978721619,283
problem_office_10.pddl,0.6,48,16,32,9.258366584777832,1.482187271118164,10.740553855895996,299
problem_office_10.pddl,0.6,60,24,36,26.646902322769165,2.4430408477783203,29.089943170547485,323
problem_office_10.pddl,0.6,39,16,23,26.624470472335812,1.225325107574463,27.849795579910282,339
problem_office_10.pddl,0.8,14,14,0,31.696025371551514,0.02711176872253418,31.72313714027405,15
problem_office_10.pddl,0.8,20,15,5,34.211199522018426,0.09563827514648438,34.306837797164924,30
problem_office_10.pddl,0.8,21,14,7,18.65556263923645,0.1537647247314453,18.809327363967896,44
problem_office_10.pddl,0.8,16,14,2,42.312190532684326,0.14675331115722656,42.458943843841546,58
problem_office_10.pddl,0.8,14,8,6,10.66241693496704,0.1681375503540039,10.830554485321043,66
problem_office_10.pddl,0.8,8,7,1,8.862209796905518,0.0928947925567627,8.955104589462278,73
problem_office_10.pddl,0.8,12,7,5,11.4115149974823,0.11571669578552245,11.527231693267822,80
problem_office_10.pddl,0.8,23,8,15,44.09881806373596,0.23894405364990234,44.33776211738586,88
problem_office_10.pddl,0.8,27,18,9,37.40609979629517,0.3736240863800049,37.77972388267517,106
problem_office_10.pddl,0.8,21,9,12,6.665870189666747,0.2966549396514893,6.962525129318237,115
problem_office_10.pddl,0.8,20,6,14,3.620561122894287,0.2994239330291748,3.919985055923462,121
problem_office_10.pddl,0.8,23,12,11,19.692451000213627,0.33704233169555664,20.02949333190918,133
problem_office_10.pddl,0.8,27,14,13,7.511811256408691,0.5252087116241455,8.037019968032839,147
problem_office_10.pddl,0.8,22,9,13,11.570307970046995,0.456496000289917,12.026803970336914,156
problem_office_10.pddl,0.8,25,20,5,28.719300746917725,0.5858752727508545,29.30517601966858,176
problem_office_10.pddl,0.8,14,7,7,10.588289976119997,0.3420383930206299,10.930328369140623,183
problem_office_10.pddl,0.8,20,13,7,31.92523074150085,0.4249663352966309,32.350197076797485,196
problem_office_10.pddl,0.8,17,6,11,3.639734268188477,0.44583821296691895,4.085572481155396,202
problem_office_10.pddl,0.8,16,6,10,1.951829195022583,0.40126681327819824,2.353096008300781,208
problem_office_10.pddl,0.8,18,12,6,16.027348518371582,0.4787883758544922,16.506136894226074,220
problem_office_10.pddl,0.8,16,1,15,0.12615108489990234,0.2988557815551758,0.4250068664550781,221
problem_office_10.pddl,0.8,26,14,12,20.712777137756348,0.5838544368743896,21.296631574630734,235
problem_office_10.pddl,0.8,10,0,10,0.0,0.15346360206604004,0.15346360206604004,235
problem_office_10.pddl,0.8,10,0,10,0.0,0.19982361793518064,0.19982361793518064,235
problem_office_10.pddl,0.8,13,7,6,1.7669229507446291,0.4458727836608887,2.2127957344055176,242
problem_office_10.pddl,0.8,13,5,8,2.5229358673095703,0.4519553184509277,2.974891185760498,247
problem_office_10.pddl,0.8,18,13,5,28.614986896514893,0.5932350158691406,29.208221912384033,260
problem_office_10.pddl,0.8,17,4,13,0.6135377883911133,0.6408038139343262,1.2543416023254397,264
problem_office_10.pddl,0.9,12,10,2,57.48659491539002,0.016089200973510742,57.50268411636353,11
problem_office_10.pddl,0.9,6,4,2,16.084150791168213,0.009982824325561523,16.094133615493774,15
problem_office_10.pddl,0.9,12,11,1,26.689328908920288,0.0580291748046875,26.747358083724976,26
problem_office_10.pddl,0.9,8,4,4,4.744068145751953,0.043355703353881836,4.787423849105835,30
problem_office_10.pddl,0.9,7,5,2,18.832467794418328,0.03374981880187988,18.86621761322021,35
problem_office_10.pddl,0.9,6,2,4,9.163835048675537,0.024669647216796875,9.188504695892334,37
problem_office_10.pddl,0.9,7,4,3,4.7680320739746085,0.05481696128845215,4.8228490352630615,41
problem_office_10.pddl,0.9,12,9,3,10.002950906753538,0.11298489570617674,10.115935802459717,50
problem_office_10.pddl,0.9,9,4,5,10.549317121505736,0.08410525321960449,10.633422374725342,54
problem_office_10.pddl,0.9,4,2,2,3.5102970600128174,0.038573026657104485,3.548870086669922,56
problem_office_10.pddl,0.9,11,7,4,10.198960065841677,0.12603521347045898,10.324995279312132,63
problem_office_10.pddl,0.9,6,2,4,0.3171379566192627,0.05180954933166504,0.3689475059509277,65
problem_office_10.pddl,0.9,16,14,2,20.415960550308228,0.20454978942871094,20.620510339736946,79
problem_office_10.pddl,0.9,12,8,4,17.244556188583374,0.17101407051086426,17.415570259094242,87
problem_office_10.pddl,0.9,3,2,1,1.0423460006713867,0.0466299057006836,1.0889759063720703,89
problem_office_10.pddl,0.9,3,2,1,2.57479190826416,0.056591033935546875,2.631382942199707,91
problem_office_10.pddl,0.9,11,7,4,7.346061944961548,0.1850848197937012,7.531146764755249,98
problem_office_10.pddl,0.9,10,2,8,0.7044188976287842,0.172959566116333,0.8773784637451172,100
problem_office_10.pddl,0.9,8,3,5,4.610290050506592,0.10709190368652344,4.717381954193115,103
problem_office_10.pddl,0.9,9,2,7,7.260699033737183,0.12209033966064453,7.382789373397827,105
problem_office_10.pddl,0.9,6,2,4,0.8886129856109619,0.07481622695922853,0.9634292125701904,107
problem_office_10.pddl,0.9,4,0,4,0.0,0.05927610397338867,0.05927610397338867,107
problem_office_10.pddl,0.9,7,0,7,0.0,0.10534191131591797,0.10534191131591797,107
problem_office_10.pddl,0.9,3,0,3,0.0,0.0478062629699707,0.0478062629699707,107
problem_office_10.pddl,0.9,6,2,4,4.524998188018799,0.0955181121826172,4.620516300201416,109
problem_office_10.pddl,0.9,10,7,3,10.026348114013672,0.19581842422485352,10.222166538238524,116
problem_office_10.pddl,0.9,7,1,6,4.70750617980957,0.07240676879882812,4.779912948608398,117
problem_office_10.pddl,0.9,4,1,3,0.13072705268859866,0.0713648796081543,0.20209193229675293,118
problem_office_10.pddl,0.9,3,1,2,0.27084994316101074,0.058375120162963874,0.3292250633239746,119
problem_office_10.pddl,0.9,11,8,3,9.633439302444456,0.1883072853088379,9.821746587753298,127
problem_office_10.pddl,0.9,6,2,4,2.669110059738159,0.10652446746826172,2.775634527206421,129
problem_office_10.pddl,0.9,6,3,3,0.9091920852661132,0.15012717247009275,1.0593192577362058,132
problem_office_10.pddl,0.9,8,1,7,0.14453697204589844,0.1050567626953125,0.2495937347412109,133
problem_office_10.pddl,0.9,5,2,3,1.3327820301055908,0.10913205146789552,1.4419140815734863,135
problem_office_10.pddl,0.9,5,1,4,1.2966208457946775,0.05865693092346193,1.3552777767181396,136
problem_office_10.pddl,0.5,105,55,50,88.7967689037323,0.5743741989135742,89.37114310264587,56
