name,action probability,planned,used planner,used plan lib,time planning,time checking plan lib,total time,plan lib size
problem_office_06.pddl,0.7,32,27,5,50.49344444274902,0.11885547637939453,50.61229991912842,28
problem_office_06.pddl,0.7,26,14,12,10.905540227890015,0.15658211708068848,11.062122344970703,42
problem_office_06.pddl,0.7,35,21,14,17.05353093147278,0.3284952640533447,17.382026195526127,63
problem_office_06.pddl,0.7,37,23,14,17.646866321563717,0.4220349788665772,18.068901300430298,86
problem_office_06.pddl,0.7,34,8,26,3.111643552780152,0.35124564170837397,3.4628891944885254,94
problem_office_06.pddl,0.7,24,13,11,13.857722759246824,0.3279182910919189,14.185641050338745,107
problem_office_06.pddl,0.7,35,14,21,8.129922866821289,0.5354118347167969,8.665334701538086,121
problem_office_06.pddl,0.7,27,12,15,5.544816732406616,0.4361321926116944,5.980948925018311,133
problem_office_06.pddl,0.7,24,7,17,4.243887662887573,0.3675346374511719,4.611422300338745,140
problem_office_06.pddl,0.7,48,11,37,3.7830543518066406,0.9440150260925292,4.72706937789917,151
problem_office_06.pddl,0.7,38,15,23,6.922050952911378,0.6459734439849854,7.568024396896362,166
problem_office_06.pddl,0.7,44,16,28,4.9756808280944815,0.9900393486022948,5.965720176696777,182
problem_office_06.pddl,0.7,23,8,15,5.157010078430176,0.4080989360809326,5.565109014511108,190
problem_office_06.pddl,0.7,32,7,25,2.527865171432495,0.622758150100708,3.150623321533203,197
problem_office_06.pddl,0.7,21,3,18,0.4330329895019531,0.383202075958252,0.8162350654602051,200
problem_office_06.pddl,0.7,39,5,34,1.810906171798706,0.6781284809112549,2.489034652709961,205
problem_office_06.pddl,0.7,18,5,13,1.4896931648254397,0.36351895332336426,1.853212118148804,210
problem_office_06.pddl,0.7,28,6,22,1.6215877532958984,0.5375871658325195,2.1591749191284184,216
problem_office_06.pddl,0.7,26,8,18,2.9469912052154537,0.5424940586090088,3.489485263824463,224
problem_office_06.pddl,0.7,24,2,22,0.2983968257904053,0.4701921939849854,0.7685890197753906,226
problem_office_06.pddl,0.7,33,4,29,1.3505940437316897,0.7716250419616699,2.12221908569336,230
problem_office_06.pddl,0.7,28,10,18,6.033720254898071,0.7511992454528809,6.784919500350952,240
problem_office_06.pddl,0.7,28,8,20,2.949347257614136,0.7921762466430664,3.7415235042572017,248
problem_office_06.pddl,0.7,29,14,15,7.139017820358276,0.6859581470489502,7.8249759674072275,262
problem_office_06.pddl,0.7,35,11,24,2.305677890777588,1.0920331478118896,3.397711038589477,273
problem_office_06.pddl,0.7,31,7,24,2.099007368087769,0.8840615749359131,2.9830689430236816,280
problem_office_06.pddl,0.7,24,13,11,7.006956338882446,0.9259557723999025,7.932912111282349,293
problem_office_06.pddl,0.7,32,8,24,4.3337440490722665,0.9257423877716064,5.259486436843872,301
problem_office_06.pddl,0.7,31,5,26,3.265002012252808,0.6080348491668701,3.8730368614196777,306
problem_office_06.pddl,0.7,20,3,17,1.603271245956421,0.666898250579834,2.270169496536255,309
problem_office_06.pddl,0.7,19,8,11,2.7907254695892334,0.6712086200714111,3.4619340896606445,317
problem_office_06.pddl,0.7,33,7,26,1.3602056503295898,0.976470947265625,2.336676597595215,324
problem_office_06.pddl,0.7,28,10,18,2.794433116912842,1.0826826095581057,3.8771157264709473,334
problem_office_06.pddl,0.7,32,13,19,5.2942869663238525,1.2474024295806885,6.541689395904541,347
problem_office_06.pddl,0.7,47,12,35,3.77963924407959,1.5158989429473877,5.2955381870269775,359
problem_office_06.pddl,0.7,33,4,29,1.5621562004089355,0.8751826286315918,2.4373388290405282,363
problem_office_06.pddl,0.7,22,2,20,0.27738380432128906,0.5799412727355957,0.8573250770568848,365
problem_office_06.pddl,0.7,26,8,18,3.147139072418213,0.8022687435150146,3.949407815933228,373
problem_office_06.pddl,0.7,23,1,22,0.20940518379211426,0.63926100730896,0.8486661911010742,374
problem_office_06.pddl,0.7,25,7,18,0.94537091255188,1.1355359554290771,2.0809068679809566,381
problem_office_06.pddl,0.6,56,42,14,48.485895872116096,0.28318428993225103,48.76908016204834,43
problem_office_06.pddl,0.6,50,26,24,31.27137398719788,0.4111459255218506,31.68251991271973,69
problem_office_06.pddl,0.6,49,22,27,29.365434408187863,0.5423414707183838,29.90777587890625,91
problem_office_06.pddl,0.6,52,20,32,18.99345850944519,0.6795182228088379,19.672976732254032,111
problem_office_06.pddl,0.6,51,22,29,11.211108684539797,0.7044920921325684,11.915600776672365,133
problem_office_06.pddl,0.6,46,20,26,19.250837802886966,0.8225953578948975,20.07343316078186,153
problem_office_06.pddl,0.6,38,12,26,5.511826992034912,0.6661896705627441,6.178016662597656,165
problem_office_06.pddl,0.6,48,14,34,8.407469749450684,0.9773843288421632,9.384854078292848,179
problem_office_06.pddl,0.6,52,13,39,4.9313316345214835,0.9188644886016846,5.850196123123169,192
problem_office_06.pddl,0.6,47,20,27,10.674854516983034,1.1123547554016109,11.787209272384644,212
problem_office_06.pddl,0.6,57,14,43,3.3398654460906982,1.4167425632476809,4.756608009338379,226
problem_office_06.pddl,0.6,63,21,42,11.052589178085327,1.6018509864807131,12.65444016456604,247
problem_office_06.pddl,0.6,69,10,59,4.7375619411468515,1.6849861145019531,6.422548055648804,257
problem_office_06.pddl,0.6,53,18,35,4.630844354629517,1.6899991035461426,6.320843458175659,275
problem_office_06.pddl,0.6,39,16,23,5.189437389373778,1.252516269683838,6.441953659057617,291
problem_office_06.pddl,0.6,58,12,46,8.284674882888794,1.6444587707519531,9.929133653640749,303
problem_office_06.pddl,0.6,47,11,36,2.4169695377349854,1.4676454067230225,3.8846149444580083,314
problem_office_06.pddl,0.6,49,18,31,7.282392501831055,1.707085371017456,8.989477872848509,332
problem_office_06.pddl,0.6,38,13,25,1.99385404586792,1.300159215927124,3.294013261795044,345
problem_office_06.pddl,0.6,22,0,22,0.0,0.5795366764068604,0.5795366764068604,345
problem_office_06.pddl,0.6,53,9,44,2.9471530914306636,1.6696679592132568,4.616821050643921,354
problem_office_06.pddl,0.6,45,14,31,5.994659185409546,1.8108417987823489,7.8055009841918945,368
problem_office_06.pddl,0.6,50,11,39,5.9507272243499765,2.0099837779998784,7.960711002349853,379
problem_office_06.pddl,0.6,67,19,48,10.968101739883423,2.385138988494873,13.353240728378296,398
problem_office_06.pddl,0.6,60,20,40,3.9849605560302734,2.501889228820801,6.486849784851074,418
problem_office_06.pddl,0.6,73,19,54,8.517735242843628,2.7522120475769043,11.269947290420532,437
problem_office_06.pddl,0.6,49,9,40,2.0531699657440186,2.130612850189209,4.183782815933228,446
problem_office_06.pddl,0.6,59,9,50,2.260950803756714,2.456265926361084,4.717216730117798,455
problem_office_06.pddl,0.6,47,11,36,1.9009842872619631,2.1472437381744385,4.048228025436401,466
problem_office_06.pddl,0.6,66,12,54,5.343190908432007,3.086940288543701,8.430131196975706,478
problem_office_06.pddl,0.6,46,3,43,0.6946160793304443,2.0108582973480225,2.705474376678467,481
problem_office_06.pddl,0.6,58,6,52,1.9485101699829104,2.827317476272583,4.775827646255493,487
problem_office_06.pddl,0.6,42,13,29,4.356067180633545,2.21394157409668,6.570008754730225,500
problem_office_06.pddl,0.6,44,12,32,4.80108380317688,2.5574705600738525,7.358554363250732,512
problem_office_06.pddl,0.6,45,15,30,3.523068189620972,2.8237264156341566,6.346794605255128,527
problem_office_06.pddl,0.6,51,11,40,3.1534335613250732,2.4949753284454346,5.648408889770508,538
problem_office_06.pddl,0.6,37,4,33,2.30578088760376,1.3225414752960205,3.62832236289978,542
problem_office_06.pddl,0.6,46,17,29,8.330855131149294,2.6731493473052983,11.00400447845459,559
problem_office_06.pddl,0.6,38,6,32,2.9946565628051762,1.9811713695526123,4.975827932357788,565
problem_office_06.pddl,0.6,25,2,23,1.3853118419647217,0.9900827407836914,2.375394582748413,567
problem_office_06.pddl,0.8,11,9,2,12.88017225265503,0.014370918273925781,12.894543170928955,10
problem_office_06.pddl,0.8,12,11,1,10.35139226913452,0.04262685775756836,10.39401912689209,21
problem_office_06.pddl,0.8,12,11,1,14.107828855514526,0.0664529800415039,14.17428183555603,32
problem_office_06.pddl,0.8,24,13,11,21.639929056167606,0.1572575569152832,21.797186613082886,45
problem_office_06.pddl,0.8,22,12,10,17.489550113677982,0.17261266708374026,17.66216278076172,57
problem_office_06.pddl,0.8,15,8,7,9.413947582244873,0.13432979583740234,9.548277378082275,65
problem_office_06.pddl,0.8,14,8,6,3.6040358543396,0.16839814186096191,3.7724339962005615,73
problem_office_06.pddl,0.8,22,9,13,6.691053152084353,0.2340452671051025,6.925098419189452,82
problem_office_06.pddl,0.8,17,8,9,2.826432704925537,0.21781659126281736,3.0442492961883545,90
problem_office_06.pddl,0.8,19,12,7,9.399655103683473,0.2864954471588135,9.686150550842283,102
problem_office_06.pddl,0.8,24,10,14,3.9015271663665767,0.3015916347503662,4.203118801116943,112
problem_office_06.pddl,0.8,16,6,10,3.4658572673797607,0.2736225128173828,3.7394797801971436,118
problem_office_06.pddl,0.8,19,8,11,3.548360109329224,0.2864377498626709,3.8347978591918963,126
problem_office_06.pddl,0.8,17,2,15,3.336183786392212,0.26788806915283203,3.604071855545044,128
problem_office_06.pddl,0.8,16,5,11,3.1495890617370605,0.2561969757080078,3.4057860374450684,133
problem_office_06.pddl,0.8,13,7,6,4.504881143569946,0.20627474784851074,4.711155891418457,140
problem_office_06.pddl,0.8,10,3,7,0.95090913772583,0.167572021484375,1.118481159210205,143
problem_office_06.pddl,0.8,18,5,13,2.914279222488404,0.3208010196685791,3.2350802421569824,148
problem_office_06.pddl,0.8,16,4,12,0.7419450283050537,0.2923061847686768,1.0342512130737305,152
problem_office_06.pddl,0.8,19,6,13,6.055769920349121,0.3615014553070069,6.417271375656128,158
problem_office_06.pddl,0.8,19,4,15,2.4886839389801025,0.2890698909759521,2.7777538299560547,162
problem_office_06.pddl,0.8,18,10,8,6.020245313644409,0.3632102012634277,6.383455514907838,172
problem_office_06.pddl,0.8,17,3,14,0.5321528911590576,0.3687877655029297,0.9009406566619872,175
problem_office_06.pddl,0.8,17,1,16,0.15403199195861814,0.3087921142578125,0.4628241062164306,176
problem_office_06.pddl,0.8,18,0,18,0.0,0.2222158908843994,0.2222158908843994,176
problem_office_06.pddl,0.8,21,4,17,0.9751436710357666,0.4065628051757813,1.3817064762115479,180
problem_office_06.pddl,0.8,11,1,10,0.12451910972595215,0.1929681301116944,0.3174872398376465,181
problem_office_06.pddl,0.8,16,1,15,0.20798397064208984,0.21884894371032715,0.42683291435241705,182
problem_office_06.pddl,0.8,15,4,11,0.772296667098999,0.35419392585754395,1.126490592956543,186
problem_office_06.pddl,0.8,17,5,12,0.9390668869018556,0.37715506553649897,1.3162219524383545,191
problem_office_06.pddl,0.8,18,8,10,1.6688807010650637,0.5650258064270021,2.233906507492065,199
problem_office_06.pddl,0.8,26,4,22,1.9397571086883545,0.5347931385040283,2.474550247192384,203
problem_office_06.pddl,0.8,23,7,16,1.4056999683380127,0.5166230201721191,1.922322988510132,210
problem_office_06.pddl,0.8,19,8,11,4.475162982940674,0.4350483417510986,4.9102113246917725,218
problem_office_06.pddl,0.8,17,3,14,1.1747310161590576,0.3320553302764893,1.5067863464355469,221
problem_office_06.pddl,0.8,22,2,20,1.371349811553955,0.37621355056762695,1.7475633621215818,223
problem_office_06.pddl,0.8,13,6,7,2.1976151466369642,0.2761964797973633,2.473811626434326,229
problem_office_06.pddl,0.8,20,4,16,0.6169149875640869,0.4825799465179443,1.0994949340820312,233
problem_office_06.pddl,0.8,14,3,11,1.7120790481567385,0.2368755340576172,1.9489545822143561,236
problem_office_06.pddl,0.8,17,4,13,0.6564905643463135,0.4116618633270264,1.0681524276733398,240
problem_office_06.pddl,0.9,9,9,0,13.547016620635985,0.011710166931152344,13.55872678756714,10
problem_office_06.pddl,0.9,6,4,2,8.488207101821901,0.01549530029296875,8.503702402114866,14
problem_office_06.pddl,0.9,6,5,1,6.999045133590697,0.017574071884155273,7.0166192054748535,19
problem_office_06.pddl,0.9,4,2,2,1.842505931854248,0.017375946044921875,1.85988187789917,21
problem_office_06.pddl,0.9,5,3,2,3.314070224761963,0.02134943008422852,3.3354196548461914,24
problem_office_06.pddl,0.9,12,8,4,10.80429196357727,0.06738781929016112,10.871679782867432,32
problem_office_06.pddl,0.9,11,7,4,8.815374135971071,0.07152867317199707,8.886902809143066,39
problem_office_06.pddl,0.9,9,5,4,1.7883391380310059,0.07266950607299805,1.861008644104004,44
problem_office_06.pddl,0.9,12,8,4,15.993955612182615,0.11203765869140624,16.105993270874027,52
problem_office_06.pddl,0.9,10,5,5,13.037290334701538,0.08795046806335449,13.125240802764893,57
problem_office_06.pddl,0.9,11,8,3,2.48193907737732,0.1263730525970459,2.608312129974365,65
problem_office_06.pddl,0.9,9,6,3,2.043719291687012,0.10895490646362303,2.1526741981506348,71
problem_office_06.pddl,0.9,9,4,5,2.747683048248291,0.0807950496673584,2.8284780979156494,75
problem_office_06.pddl,0.9,19,9,10,2.817469358444214,0.22339725494384768,3.040866613388061,84
problem_office_06.pddl,0.9,6,1,5,2.79758095741272,0.0361318588256836,2.8337128162384038,85
problem_office_06.pddl,0.9,13,5,8,2.2485132217407227,0.1687488555908203,2.417262077331543,90
problem_office_06.pddl,0.9,9,4,5,1.6024160385131836,0.10000205039978027,1.702418088912964,94
problem_office_06.pddl,0.9,11,3,8,0.4658262729644776,0.11461472511291505,0.5804409980773926,97
problem_office_06.pddl,0.9,12,8,4,2.807260751724243,0.21000099182128906,3.017261743545532,105
problem_office_06.pddl,0.9,6,2,4,0.5572490692138672,0.06221580505371094,0.6194648742675781,107
problem_office_06.pddl,0.9,6,2,4,0.2886230945587158,0.06680917739868164,0.35543227195739746,109
problem_office_06.pddl,0.9,9,1,8,0.1463778018951416,0.0652318000793457,0.2116096019744873,110
problem_office_06.pddl,0.9,6,0,6,0.0,0.05322980880737305,0.05322980880737305,110
problem_office_06.pddl,0.9,12,2,10,0.2947497367858887,0.13897132873535156,0.4337210655212401,112
problem_office_06.pddl,0.9,13,6,7,2.36828088760376,0.2079274654388428,2.5762083530426025,118
problem_office_06.pddl,0.9,9,2,7,4.529144048690796,0.14612126350402832,4.675265312194824,120
problem_office_06.pddl,0.9,8,4,4,1.9679183959960933,0.13666677474975586,2.1045851707458496,124
problem_office_06.pddl,0.9,9,6,3,4.931035041809082,0.18070387840271,5.111738920211792,130
problem_office_06.pddl,0.9,4,0,4,0.0,0.0632319450378418,0.0632319450378418,130
problem_office_06.pddl,0.9,8,4,4,4.923843145370483,0.16021108627319336,5.084054231643677,134
problem_office_06.pddl,0.9,8,1,7,0.14361810684204102,0.1321415901184082,0.2757596969604492,135
problem_office_06.pddl,0.9,12,4,8,0.8137078285217285,0.21082139015197754,1.0245292186737058,139
problem_office_06.pddl,0.9,5,2,3,0.426297664642334,0.07882356643676758,0.5051212310791016,141
problem_office_06.pddl,0.9,9,2,7,0.8024499416351318,0.12856650352478027,0.931016445159912,143
problem_office_06.pddl,0.9,9,2,7,1.1247026920318604,0.1405501365661621,1.2652528285980225,145
problem_office_06.pddl,0.9,9,2,7,0.4230198860168457,0.170637845993042,0.5936577320098877,147
problem_office_06.pddl,0.9,7,1,6,0.3665328025817871,0.1168653964996338,0.4833981990814209,148
problem_office_06.pddl,0.9,11,5,6,1.0768632888793943,0.2071239948272705,1.283987283706665,153
problem_office_06.pddl,0.9,7,3,4,0.7563519477844238,0.15369391441345215,0.910045862197876,156
problem_office_06.pddl,0.9,11,1,10,0.2035689353942871,0.18885040283203125,0.3924193382263184,157
problem_office_06.pddl,0.5,86,37,49,63.529274702072144,0.3498339653015137,63.87910866737366,38
problem_office_06.pddl,0.5,67,25,42,22.906290531158447,0.5527970790863037,23.45908761024475,63
problem_office_06.pddl,0.5,99,35,64,18.485637187957767,1.1257922649383545,19.61142945289612,98
problem_office_06.pddl,0.5,50,11,39,18.011136293411255,0.5455462932586671,18.556682586669922,109
problem_office_06.pddl,0.5,76,28,48,13.794425010681152,1.1894822120666504,14.983907222747805,137
problem_office_06.pddl,0.5,78,25,53,14.23056936264038,1.3390271663665771,15.569596529006958,162
problem_office_06.pddl,0.5,78,19,59,10.066175699234007,1.572641372680664,11.638817071914673,181
problem_office_06.pddl,0.5,73,28,45,20.903589248657227,1.688915491104126,22.592504739761356,209
problem_office_06.pddl,0.5,86,17,69,10.247194528579714,1.9093084335327148,12.156502962112427,226
problem_office_06.pddl,0.5,58,11,47,4.4347805976867685,1.4345879554748535,5.869368553161621,237
problem_office_06.pddl,0.5,96,34,62,11.663148403167725,2.95015287399292,14.613301277160645,271
problem_office_06.pddl,0.5,57,14,43,5.932948112487793,1.369945764541626,7.302893877029419,285
problem_office_06.pddl,0.5,85,13,72,6.791270732879639,2.336987018585205,9.128257751464844,298
problem_office_06.pddl,0.5,78,18,60,7.069983720779419,2.3867361545562744,9.456719875335693,316
problem_office_06.pddl,0.5,77,20,57,5.338331460952759,2.6469438076019287,7.985275268554687,336
problem_office_06.pddl,0.5,96,19,77,7.056083917617798,2.8101646900177,9.866248607635498,355
problem_office_06.pddl,0.5,88,15,73,5.208654403686523,2.785559892654419,7.994214296340942,370
problem_office_06.pddl,0.5,56,12,44,2.9071006774902344,1.9138007164001465,4.820901393890381,382
problem_office_06.pddl,0.5,65,16,49,7.5809879302978525,2.310963630676269,9.89195156097412,398
problem_office_06.pddl,0.5,74,9,65,3.8660871982574463,2.703324556350708,6.569411754608152,407
problem_office_06.pddl,0.5,85,10,75,3.2292001247406006,2.739826440811157,5.969026565551758,417
problem_office_06.pddl,0.5,69,12,57,5.510045528411865,2.32591199874878,7.835957527160644,429
problem_office_06.pddl,0.5,69,10,59,3.5723354816436768,1.9882559776306152,5.560591459274292,439
problem_office_06.pddl,0.5,106,9,97,4.231738805770874,4.271831035614014,8.503569841384888,448
